Enumeration Algorithm

[50, 66, -22, -4, -55, 91, 100, -102, 9, 10, 19, -10, 10, 11, 11, -10, -18, 50, 90], max sum = 296
[1, 9, 10, 92, 87], max sum = 199
[565, 78, 33, 9, 10, 84, 71, -4, -22, -55, -10, 76, -9, -9, -11, 76, 89, 11, 10], max sum = 992
[2, 3, 3, 3, 3, 3, 3, 3, 3, 3, 3, 3, 3, 3, 3, 3, 3, 3, 3, 3, 3, 3, 3, 3, 3, 3, 3, 3, 3, 3, 3], max sum = 92
[2], max sum = 2
[100, 100, 100, 100, -100, 100, 10], max sum = 410
[10, 92, 57, 99], max sum = 258

Better Enumeration Algorithm

[50, 66, -22, -4, -55, 91, 100, -102, 9, 10, 19, -10, 10, 11, 11, -10, -18, 50, 90], max sum = 296
[1, 9, 10, 92, 87], max sum = 199
[565, 78, 33, 9, 10, 84, 71, -4, -22, -55, -10, 76, -9, -9, -11, 76, 89, 11, 10], max sum = 992
[2, 3, 3, 3, 3, 3, 3, 3, 3, 3, 3, 3, 3, 3, 3, 3, 3, 3, 3, 3, 3, 3, 3, 3, 3, 3, 3, 3, 3, 3, 3], max sum = 92
[2], max sum = 2
[100, 100, 100, 100, -100, 100, 10], max sum = 410
[10, 92, 57, 99], max sum = 258

Linear Algorithm

[50, 66, -22, -4, -55, 91, 100, -102, 9, 10, 19, -10, 10, 11, 11, -10, -18, 50, 90], max sum = 296
[1, 9, 10, 92, 87], max sum = 199
[565, 78, 33, 9, 10, 84, 71, -4, -22, -55, -10, 76, -9, -9, -11, 76, 89, 11, 10], max sum = 992
[2, 3, 3, 3, 3, 3, 3, 3, 3, 3, 3, 3, 3, 3, 3, 3, 3, 3, 3, 3, 3, 3, 3, 3, 3, 3, 3, 3, 3, 3, 3], max sum = 92
[2], max sum = 2
[100, 100, 100, 100, -100, 100, 10], max sum = 410
[10, 92, 57, 99], max sum = 258

Divide & Conquer Algorithm

[50, 66, -22, -4, -55, 91, 100, -102, 9, 10, 19, -10, 10, 11, 11, -10, -18, 50, 90], max sum = 296
[1, 9, 10, 92, 87], max sum = 199
[565, 78, 33, 9, 10, 84, 71, -4, -22, -55, -10, 76, -9, -9, -11, 76, 89, 11, 10], max sum = 992
[2, 3, 3, 3, 3, 3, 3, 3, 3, 3, 3, 3, 3, 3, 3, 3, 3, 3, 3, 3, 3, 3, 3, 3, 3, 3, 3, 3, 3, 3, 3], max sum = 92
[2], max sum = 2
[100, 100, 100, 100, -100, 100, 10], max sum = 410
[10, 92, 57, 99], max sum = 258
